$MeshFormat
2.2 0 8
$EndMeshFormat
$Nodes
234
1 0 0 0
2 4 0 0
3 0 4 0
4 4 4 0
5 0 0 4
6 4 0 4
7 0 4 4
8 4 4 4
9 0.9999999999976482 0 4
10 1.999999999994776 0 4
11 2.999999999997367 0 4
12 4 0 3.000000000001386
13 4 0 2.000000000008237
14 4 0 1.000000000004162
15 3.000000000001386 0 0
16 2.000000000008237 0 0
17 1.000000000004162 0 0
18 0 0 0.9999999999976482
19 0 0 1.999999999994776
20 0 0 2.999999999997367
21 0 0.9999999999976482 4
22 0 1.999999999994776 4
23 0 2.999999999997367 4
24 0.9999999999976482 4 4
25 1.999999999994776 4 4
26 2.999999999997367 4 4
27 4 4 3.000000000001386
28 4 4 2.000000000008237
29 4 4 1.000000000004162
30 3.000000000001386 4 0
31 2.000000000008237 4 0
32 1.000000000004162 4 0
33 0 4 0.9999999999976482
34 0 4 1.999999999994776
35 0 4 2.999999999997367
36 0 3.000000000001386 0
37 0 2.000000000008237 0
38 0 1.000000000004162 0
39 4 0.9999999999976482 4
40 4 1.999999999994776 4
41 4 2.999999999997367 4
42 4 0.9999999999976482 0
43 4 1.999999999994776 0
44 4 2.999999999997367 0
45 2.000714067563521 2.000716988148473 4
46 0.9976943333609234 0.9980206692478556 4
47 3.002586165777064 0.9977809361734976 4
48 0.9981067347714996 3.002914665329132 4
49 3.003015514336397 3.00269187940353 4
50 2.000232292053031 0.9984029119433965 4
51 0.9984085755540837 2.0009255201306 4
52 2.000993355567799 3.00242479733316 4
53 3.002418404227455 2.00029082238974 4
54 0 1.98267086404287 2.005427087121824
55 0 2.990651720727092 1.004754586985019
56 0 0.9922028028605386 3.003210873016899
57 0 0.9916031266262717 1.000746564139016
58 0 2.99258447679866 3.001642490419254
59 0 1.98990684163818 1.002951613095532
60 0 2.990953379029626 2.003506833194764
61 0 0.990653196607945 2.002616052063528
62 0 1.991597096717774 3.002905454056118
63 1.998674577816567 4 2.000000000000268
64 3.001748626137594 4 3.002408881415827
65 3.001748626139972 4 0.9975911185872891
66 0.996947275841411 4 3.002408881413448
67 0.9969472758442034 4 0.9975911185844977
68 3.001174168819471 4 2.000000000002402
69 1.998840719853289 4 0.9979867957889681
70 1.99884071984935 4 3.002013204211443
71 0.9972970240389307 4 1.999999999998465
72 1.99829800502844 2.01979794457403 0
73 2.996847348303525 1.010307455396342 0
74 3.000529106544683 3.009029784892727 0
75 0.9983520344084489 3.008802769294216 0
76 1.001032787388254 1.009533465738669 0
77 1.999238005985374 3.010876870415147 0
78 1.998872510867936 1.011101974007268 0
79 2.999012995728633 2.01035455295963 0
80 0.9992380993208214 2.009989057846131 0
81 1.998674577816567 0 2.000000000000269
82 3.001748626137594 0 3.002408881415827
83 3.001748626139972 0 0.9975911185872893
84 0.996947275841411 0 3.002408881413448
85 0.9969472758442034 0 0.9975911185844978
86 3.001174168819471 0 2.000000000002402
87 1.998840719853289 0 0.9979867957889684
88 1.99884071984935 0 3.002013204211443
89 0.9972970240389307 0 1.999999999998465
90 4 2.011370774349043 1.988632146236365
91 4 1.007207472678401 2.993118863208808
92 4 3.007076633669041 2.997731296888866
93 4 1.002018176582615 0.9931765938145266
94 4 3.005339533460992 0.9943368316068497
95 4 1.005521945898026 1.992648673993156
96 4 2.007612775650891 2.994904168925905
97 4 3.006711888682904 1.994719553083276
98 4 2.004562772649109 0.9933096455136037
99 2.166334632843335 2.181162741284995 2.110993784437185
100 1.412871760792823 1.41296838460808 1.415051328374553
101 1.278986574582255 1.277378155086884 2.72290766121426
102 1.273844607149339 2.723313204497308 1.278187864469589
103 2.723584901534345 1.276291203255337 1.273870053285349
104 1.150373275894995 2.948167893106003 2.516722532405293
105 3.029769431038206 2.474568289616599 1.080656603113968
106 2.517895844065035 1.148198709262417 2.955001269596311
107 3.035582345760253 3.001258990950642 2.471533638020542
108 3.222406747258019 1.761604106522341 2.085370791098499
109 2.113781838152186 3.19992395092123 1.743909406989533
110 1.676146056930538 2.104682562065083 3.168018496253199
111 2.100658543536413 0.966268210855822 1.953630050274789
112 1.952043589779419 2.101462007941071 0.9668408557556715
113 0.9669020266423618 1.953985387709376 2.098983697342357
114 2.261110423788773 3.174431613264821 3.121855562239439
115 3.266935693574423 3.116521537625189 1.69289103163094
116 3.085706592262371 2.187005995795977 3.204179461203097
117 0.8508833788311325 0.8367815200142942 1.808664182171195
118 1.677966167215199 0.8163940105218378 0.8192486769474433
119 0.8164069658867631 1.674388368746032 0.8191725138200103
120 3.218548126417101 0.7705727939506491 2.406796696389745
121 2.427715464293776 3.185642741755212 0.8172809049903011
122 1.609588081146599 3.263126244080277 0.7358334066593826
123 0.7925203749053283 2.423861543162844 3.195597693125698
124 0.7444730321254743 1.647682522807202 3.301916446418458
125 3.264185183598173 0.7358281516889913 1.595513778212478
126 1.674997492628071 0.8335915990118917 3.283705068432549
127 3.271096150036339 1.690197276832942 0.8133500618322127
128 0.8366338097871818 3.270884688984242 1.677084357207528
129 3.274679772966049 3.273053060797721 3.278692159948982
130 0.7812229110812898 3.250634055971802 3.260285434877399
131 0.7119185329297903 0.711500104871105 3.282294876144013
132 3.288218721710472 3.29496233949493 0.7171562959940223
133 3.259076989472895 0.7784945615613745 3.250536460843317
134 3.311040527334077 0.6990330993070262 0.6943105416637094
135 0.7044452381789108 0.7058704339380883 0.7132785144313892
136 0.6907058236825747 3.315081514698338 0.6890741039978282
137 0.7575033552804193 2.471976878854236 0.7552991643585414
138 2.482209736208635 0.7606563999778643 0.7633301509459148
139 0.4624199552198772 0.484176678574479 3.735154569587404
140 3.497798280188356 0.503513146182244 3.722033393230543
141 0.501930628198773 3.506557372282311 3.726912578187848
142 3.531269922884121 3.509380704006129 3.729982178510219
143 1.399088414300684 0.5144702241280021 3.694283953957734
144 2.495418603011207 0.6221329270351009 3.570428818610639
145 0.5055181129935031 1.384041730275158 3.69645245393789
146 0.5882168091771096 2.472378759711533 3.626352964845614
147 1.499803087036171 3.42369124656996 3.642824492847374
148 2.598573931168224 3.457432399064347 3.660875845497594
149 3.355636521554397 1.495214735731354 3.577391752441945
150 3.468628864825642 2.608637974374116 3.667301594074225
151 1.414607815825846 1.486719422178617 3.527276196314051
152 2.459592200382775 1.495607635373265 3.49375958043164
153 1.412581835642327 2.619688561811258 3.57270875504107
154 2.460271533383725 2.528802067435048 3.606659233346721
155 0.2683571846055463 0.4918814512186776 0.49003871284117
156 0.2671822927915153 3.508256259836526 0.4882021604653883
157 0.2601935085915484 0.4834631368523222 3.517689779958974
158 0.2833276774153295 3.495193158332283 3.508302444385433
159 0.3334739404891948 0.5556095183600235 1.414840319688882
160 0.500966715691104 0.6819421961831053 2.536326909697438
161 0.3069246635749155 1.37699620286903 3.479578044569046
162 0.3849016439866554 2.47117289679284 3.423419725005061
163 0.3245450839565007 3.488935174292792 1.4016352818855
164 0.4633134166981548 3.35799404423791 2.493906051423061
165 0.367292405117035 2.504098976597904 0.5745260052654854
166 0.3266501766268556 1.396293019741935 0.527142310575741
167 0.5451989552095707 2.447173905579685 1.423349095097306
168 0.5226980397754679 1.472604241686883 2.499542806438483
169 0.5424914876839375 1.48265167645468 1.53883673865169
170 0.4563974917748169 2.449169799703372 2.547687005216016
171 0.4693333456187553 3.728199177847098 0.4706983113184111
172 3.528068300705661 3.727163906018099 0.4700842893517136
173 0.5043615131776094 3.719884835767958 3.508969588819515
174 3.53034763751817 3.727698246871502 3.528739776621012
175 1.484561221813017 3.577858555440118 3.329204760543016
176 2.615992069769518 3.664886458721815 3.444826584144309
177 3.400687100602988 3.570344482205144 2.494183799715048
178 3.479242366110679 3.656553476058353 1.396133705747053
179 2.469556437104893 3.61925468383737 0.596837003769928
180 1.384262627489702 3.69001609661886 0.5089160620796035
181 0.5469316293535649 3.690031845928736 1.392779769302935
182 0.6579809717925367 3.560279376875177 2.493008600153387
183 2.515114451948657 3.579155451632671 2.475920286859779
184 2.536643125104214 3.608828634918753 1.433071131380596
185 1.491974913241781 3.490290129966056 2.458169938364208
186 1.480787979720647 3.520389333822478 1.411393318198483
187 0.4698829227747534 0.4926771590615573 0.2713488074111496
188 3.511663192023248 0.4925905624124962 0.2673506471312229
189 0.4686209918749559 3.510456704739151 0.2694118237905265
190 3.510712785964607 3.508427089528828 0.2682008066851098
191 2.507655713476379 0.5790541520391946 0.3698957804242657
192 1.398514274268389 0.5283437141380901 0.3275824741256457
193 2.471105072602674 3.419231999435695 0.3830648973071015
194 1.37612237051684 3.470841276917398 0.3105582704648785
195 0.5662198990856704 2.50978351826771 0.360137269776033
196 0.5493531579975338 1.392928645860283 0.3295009321653182
197 3.490826761678422 1.403956745649987 0.3241194349913256
198 3.356849508192799 2.494041156259891 0.4481119149556769
199 2.451952764770817 1.429866397214897 0.5428259093750054
200 2.459012061438973 2.550121470125772 0.4553961213093515
201 1.451405539447754 2.577580897258704 0.5038422512999008
202 1.482769535473372 1.514266443176477 0.5377084766350717
203 0.4702276893784259 0.2732119288850089 0.4724268801837839
204 3.528982984885355 0.2725694491614262 0.469499569650501
205 0.4639321345561235 0.2665949398582543 3.533292908872308
206 3.507774727306702 0.283357181086451 3.509515968376074
207 1.383179019265327 0.3277498840895419 3.477469718880089
208 2.493335524492192 0.4528477370977759 3.379996740121545
209 3.413439072024237 0.3883498685542018 2.4693169763323
210 3.490708949888255 0.3108052065628595 1.381550018678043
211 2.509795354988435 0.362519948416915 0.568222154033786
212 1.390751433526798 0.3287870468632195 0.5498483884833115
213 0.5503656288682859 0.3302985154493822 1.422036888608414
214 0.6903529047941982 0.4914336013471334 2.537235229312459
215 2.545331427838877 0.4580655392429112 2.451726471170361
216 2.57383131880684 0.504169099187908 1.450266518697074
217 1.502317715480527 0.5309717582506229 2.462815078272949
218 1.516080475975838 0.5392986430882458 1.51141906062533
219 3.730324575067131 0.4912703332175514 0.4682985375135901
220 3.729250226898015 3.508959851348451 0.4691082743791637
221 3.721906983134292 0.5061424973885904 3.501029044484132
222 3.732550188497242 3.50905892374509 3.511352403254626
223 3.628798448416111 0.587876228766301 2.468663380506873
224 3.689213106504016 0.5326928774688729 1.371926915967049
225 3.58296108371975 3.373331935521846 2.485224051634362
226 3.669794418735972 3.452104537963016 1.378197532465988
227 3.643016459830668 1.483553702361007 3.441930474640761
228 3.654556764455947 2.584891475684377 3.457193964277318
229 3.690451450368458 1.394727746838883 0.5456704809438526
230 3.568101623637215 2.492854595327274 0.6518440629556228
231 3.562221333577338 1.419022525577686 2.615093644984095
232 3.570173384730452 2.51221108983201 2.439164017392457
233 3.519274178784468 1.416340927295899 1.475065957197823
234 3.520422191882048 2.381016954387005 1.458286237803569
$EndNodes
$Elements
984
1 15 2 0 1 1
2 15 2 0 2 2
3 15 2 0 3 3
4 15 2 0 4 4
5 1 2 201 1 5 9
6 1 2 201 1 9 10
7 1 2 201 1 10 11
8 1 2 201 1 11 6
9 1 2 201 2 6 12
10 1 2 201 2 12 13
11 1 2 201 2 13 14
12 1 2 201 2 14 2
13 1 2 201 3 2 15
14 1 2 201 3 15 16
15 1 2 201 3 16 17
16 1 2 201 3 17 1
17 1 2 201 4 1 18
18 1 2 201 4 18 19
19 1 2 201 4 19 20
20 1 2 201 4 20 5
21 3 2 201 1 46 21 5 9
22 3 2 201 1 6 39 47 11
23 3 2 201 1 48 24 7 23
24 3 2 201 1 49 41 8 26
25 3 2 201 1 46 9 10 50
26 3 2 201 1 47 50 10 11
27 3 2 201 1 46 51 22 21
28 3 2 201 1 48 23 22 51
29 3 2 201 1 48 52 25 24
30 3 2 201 1 49 26 25 52
31 3 2 201 1 47 39 40 53
32 3 2 201 1 49 53 40 41
33 3 2 201 1 50 45 51 46
34 3 2 201 1 50 47 53 45
35 3 2 201 1 51 45 52 48
36 3 2 201 1 52 45 53 49
37 3 2 201 2 1 18 57 38
38 3 2 201 2 55 33 3 36
39 3 2 201 2 5 21 56 20
40 3 2 201 2 7 35 58 23
41 3 2 201 2 57 18 19 61
42 3 2 201 2 56 61 19 20
43 3 2 201 2 56 21 22 62
44 3 2 201 2 58 62 22 23
45 3 2 201 2 55 60 34 33
46 3 2 201 2 58 35 34 60
47 3 2 201 2 55 36 37 59
48 3 2 201 2 57 59 37 38
49 3 2 201 2 59 54 60 55
50 3 2 201 2 61 56 62 54
51 3 2 201 2 59 57 61 54
52 3 2 201 2 60 54 62 58
53 3 2 201 3 3 33 67 32
54 3 2 201 3 65 29 4 30
55 3 2 201 3 7 24 66 35
56 3 2 201 3 64 26 8 27
57 3 2 201 3 66 24 25 70
58 3 2 201 3 64 70 25 26
59 3 2 201 3 64 27 28 68
60 3 2 201 3 65 68 28 29
61 3 2 201 3 65 30 31 69
62 3 2 201 3 67 69 31 32
63 3 2 201 3 67 33 34 71
64 3 2 201 3 66 71 34 35
65 3 2 201 3 68 63 70 64
66 3 2 201 3 68 65 69 63
67 3 2 201 3 70 63 71 66
68 3 2 201 3 69 67 71 63
69 3 2 101 4 1 17 76 38
70 3 2 101 4 73 15 2 42
71 3 2 101 4 3 36 75 32
72 3 2 101 4 4 30 74 44
73 3 2 101 4 73 78 16 15
74 3 2 101 4 76 17 16 78
75 3 2 101 4 74 30 31 77
76 3 2 101 4 75 77 31 32
77 3 2 101 4 75 36 37 80
78 3 2 101 4 76 80 37 38
79 3 2 101 4 73 42 43 79
80 3 2 101 4 74 79 43 44
81 3 2 101 4 79 72 78 73
82 3 2 101 4 77 72 79 74
83 3 2 101 4 77 75 80 72
84 3 2 101 4 78 72 80 76
85 3 2 101 5 1 18 85 17
86 3 2 101 5 83 14 2 15
87 3 2 101 5 5 9 84 20
88 3 2 101 5 82 11 6 12
89 3 2 101 5 84 9 10 88
90 3 2 101 5 82 88 10 11
91 3 2 101 5 82 12 13 86
92 3 2 101 5 83 86 13 14
93 3 2 101 5 83 15 16 87
94 3 2 101 5 85 87 16 17
95 3 2 101 5 85 18 19 89
96 3 2 101 5 84 89 19 20
97 3 2 101 5 86 81 88 82
98 3 2 101 5 86 83 87 81
99 3 2 101 5 88 81 89 84
100 3 2 101 5 87 85 89 81
101 3 2 101 6 2 42 93 14
102 3 2 101 6 94 44 4 29
103 3 2 101 6 91 39 6 12
104 3 2 101 6 8 41 92 27
105 3 2 101 6 91 12 13 95
106 3 2 101 6 93 95 13 14
107 3 2 101 6 92 97 28 27
108 3 2 101 6 94 29 28 97
109 3 2 101 6 91 96 40 39
110 3 2 101 6 92 41 40 96
111 3 2 101 6 93 42 43 98
112 3 2 101 6 94 98 43 44
113 3 2 101 6 95 90 96 91
114 3 2 101 6 96 90 97 92
115 3 2 101 6 95 93 98 90
116 3 2 101 6 97 90 98 94
117 4 2 1 1 234 105 108 115
118 4 2 1 1 101 111 217 117
119 4 2 1 1 185 104 109 114
120 4 2 1 1 106 110 152 116
121 4 2 1 1 101 111 100 113
122 4 2 1 1 100 111 103 112
123 4 2 1 1 199 103 112 138
124 4 2 1 1 100 112 102 113
125 4 2 1 1 102 113 167 137
126 4 2 1 1 147 175 114 130
127 4 2 1 1 227 149 116 133
128 4 2 1 1 199 112 118 138
129 4 2 1 1 153 114 110 130
130 4 2 1 1 231 116 108 133
131 4 2 1 1 113 119 167 137
132 4 2 1 1 234 108 90 115
133 4 2 1 1 168 113 101 117
134 4 2 1 1 185 109 63 114
135 4 2 1 1 152 110 45 116
136 4 2 1 1 110 123 153 130
137 4 2 1 1 152 110 106 126
138 4 2 1 1 185 109 104 128
139 4 2 1 1 234 108 105 127
140 4 2 1 1 231 108 120 133
141 4 2 1 1 99 103 111 112
142 4 2 1 1 153 52 114 130
143 4 2 1 1 99 111 101 113
144 4 2 1 1 96 116 231 133
145 4 2 1 1 102 112 99 113
146 4 2 1 1 153 52 110 114
147 4 2 1 1 96 108 231 116
148 4 2 1 1 99 111 100 112
149 4 2 1 1 99 100 111 113
150 4 2 1 1 103 118 112 138
151 4 2 1 1 227 116 96 133
152 4 2 1 1 100 99 112 113
153 4 2 1 1 217 111 101 126
154 4 2 1 1 52 147 114 130
155 4 2 1 1 199 112 103 127
156 4 2 1 1 232 107 97 115
157 4 2 1 1 102 119 113 137
158 4 2 1 1 108 116 106 133
159 4 2 1 1 167 113 102 128
160 4 2 1 1 110 114 104 130
161 4 2 1 1 56 160 101 131
162 4 2 1 1 152 50 110 126
163 4 2 1 1 63 109 185 128
164 4 2 1 1 84 101 214 131
165 4 2 1 1 50 151 110 126
166 4 2 1 1 186 109 63 128
167 4 2 1 1 234 90 108 127
168 4 2 1 1 199 118 78 138
169 4 2 1 1 63 109 183 114
170 4 2 1 1 45 110 154 116
171 4 2 1 1 230 105 198 127
172 4 2 1 1 102 122 201 137
173 4 2 1 1 183 109 107 114
174 4 2 1 1 103 125 216 138
175 4 2 1 1 90 233 108 127
176 4 2 1 1 218 111 100 117
177 4 2 1 1 208 144 106 126
178 4 2 1 1 169 113 100 119
179 4 2 1 1 99 105 103 112
180 4 2 1 1 201 112 102 137
181 4 2 1 1 182 104 164 128
182 4 2 1 1 216 111 103 138
183 4 2 1 1 202 112 100 118
184 4 2 1 1 232 97 90 115
185 4 2 1 1 169 100 113 117
186 4 2 1 1 218 100 111 118
187 4 2 1 1 100 112 202 119
188 4 2 1 1 99 104 102 113
189 4 2 1 1 101 113 168 124
190 4 2 1 1 99 106 101 111
191 4 2 1 1 97 234 90 115
192 4 2 1 1 201 102 112 122
193 4 2 1 1 103 111 216 125
194 4 2 1 1 59 167 119 137
195 4 2 1 1 154 110 114 116
196 4 2 1 1 100 117 169 119
197 4 2 1 1 104 123 110 130
198 4 2 1 1 218 117 100 118
199 4 2 1 1 202 118 100 119
200 4 2 1 1 89 217 111 117
201 4 2 1 1 91 96 231 133
202 4 2 1 1 106 120 108 133
203 4 2 1 1 199 112 78 118
204 4 2 1 1 100 111 101 117
205 4 2 1 1 227 96 91 133
206 4 2 1 1 100 112 103 118
207 4 2 1 1 100 113 102 119
208 4 2 1 1 152 106 50 126
209 4 2 1 1 71 63 185 128
210 4 2 1 1 186 63 71 128
211 4 2 1 1 45 152 50 110
212 4 2 1 1 45 50 151 110
213 4 2 1 1 198 105 230 132
214 4 2 1 1 59 167 113 119
215 4 2 1 1 234 105 98 127
216 4 2 1 1 233 108 103 125
217 4 2 1 1 208 106 144 133
218 4 2 1 1 234 98 90 127
219 4 2 1 1 104 99 109 114
220 4 2 1 1 186 109 102 122
221 4 2 1 1 164 104 182 130
222 4 2 1 1 48 147 52 130
223 4 2 1 1 99 110 106 116
224 4 2 1 1 151 110 101 124
225 4 2 1 1 90 98 233 127
226 4 2 1 1 52 153 48 130
227 4 2 1 1 71 185 104 128
228 4 2 1 1 151 124 101 126
229 4 2 1 1 186 122 102 128
230 4 2 1 1 151 101 110 126
231 4 2 1 1 56 101 168 124
232 4 2 1 1 186 102 109 128
233 4 2 1 1 233 103 108 127
234 4 2 1 1 89 111 218 117
235 4 2 1 1 233 125 103 127
236 4 2 1 1 102 104 99 109
237 4 2 1 1 103 105 99 108
238 4 2 1 1 101 106 99 110
239 4 2 1 1 169 59 113 119
240 4 2 1 1 199 127 103 138
241 4 2 1 1 167 128 102 137
242 4 2 1 1 78 112 202 118
243 4 2 1 1 232 107 108 116
244 4 2 1 1 231 120 91 133
245 4 2 1 1 79 105 200 112
246 4 2 1 1 88 106 215 111
247 4 2 1 1 185 63 70 114
248 4 2 1 1 63 183 70 114
249 4 2 1 1 53 152 45 116
250 4 2 1 1 99 102 109 112
251 4 2 1 1 53 45 154 116
252 4 2 1 1 193 121 179 122
253 4 2 1 1 87 111 216 138
254 4 2 1 1 99 103 108 111
255 4 2 1 1 80 112 201 137
256 4 2 1 1 61 113 168 117
257 4 2 1 1 99 101 110 113
258 4 2 1 1 60 104 170 113
259 4 2 1 1 162 123 146 124
260 4 2 1 1 48 153 123 130
261 4 2 1 1 199 79 112 127
262 4 2 1 1 88 111 217 126
263 4 2 1 1 106 110 101 126
264 4 2 1 1 104 109 102 128
265 4 2 1 1 225 107 177 115
266 4 2 1 1 102 112 100 119
267 4 2 1 1 60 113 167 128
268 4 2 1 1 101 113 100 117
269 4 2 1 1 105 108 103 127
270 4 2 1 1 103 111 100 118
271 4 2 1 1 200 112 105 121
272 4 2 1 1 112 119 102 137
273 4 2 1 1 111 118 103 138
274 4 2 1 1 170 113 104 123
275 4 2 1 1 103 108 111 125
276 4 2 1 1 89 217 81 111
277 4 2 1 1 89 81 218 111
278 4 2 1 1 215 111 106 120
279 4 2 1 1 201 112 77 122
280 4 2 1 1 86 216 111 125
281 4 2 1 1 217 101 84 126
282 4 2 1 1 62 168 113 124
283 4 2 1 1 54 169 59 113
284 4 2 1 1 54 59 167 113
285 4 2 1 1 101 110 113 124
286 4 2 1 1 102 109 112 122
287 4 2 1 1 107 109 99 114
288 4 2 1 1 99 114 110 116
289 4 2 1 1 68 107 183 109
290 4 2 1 1 78 72 202 112
291 4 2 1 1 78 199 72 112
292 4 2 1 1 169 113 61 117
293 4 2 1 1 80 202 112 119
294 4 2 1 1 80 119 112 137
295 4 2 1 1 105 112 79 127
296 4 2 1 1 218 111 87 118
297 4 2 1 1 87 118 111 138
298 4 2 1 1 200 77 112 121
299 4 2 1 1 103 112 105 127
300 4 2 1 1 88 106 111 126
301 4 2 1 1 170 62 113 123
302 4 2 1 1 99 105 109 115
303 4 2 1 1 177 28 225 115
304 4 2 1 1 108 120 111 125
305 4 2 1 1 101 111 106 126
306 4 2 1 1 109 121 112 122
307 4 2 1 1 102 113 104 128
308 4 2 1 1 112 121 77 122
309 4 2 1 1 110 123 113 124
310 4 2 1 1 60 104 113 128
311 4 2 1 1 113 123 62 124
312 4 2 1 1 86 111 215 120
313 4 2 1 1 98 105 230 127
314 4 2 1 1 151 46 124 126
315 4 2 1 1 88 81 217 111
316 4 2 1 1 88 215 81 111
317 4 2 1 1 99 104 110 114
318 4 2 1 1 186 67 122 128
319 4 2 1 1 198 105 79 127
320 4 2 1 1 71 104 182 128
321 4 2 1 1 88 208 106 126
322 4 2 1 1 50 106 144 126
323 4 2 1 1 72 79 200 112
324 4 2 1 1 106 108 99 116
325 4 2 1 1 111 120 86 125
326 4 2 1 1 72 199 79 112
327 4 2 1 1 31 193 179 122
328 4 2 1 1 99 109 107 115
329 4 2 1 1 233 93 125 127
330 4 2 1 1 101 124 56 131
331 4 2 1 1 162 146 22 124
332 4 2 1 1 164 104 60 128
333 4 2 1 1 98 234 94 105
334 4 2 1 1 98 94 230 105
335 4 2 1 1 60 170 54 113
336 4 2 1 1 75 201 122 137
337 4 2 1 1 154 110 52 114
338 4 2 1 1 60 54 167 113
339 4 2 1 1 200 79 74 105
340 4 2 1 1 198 74 79 105
341 4 2 1 1 88 208 82 106
342 4 2 1 1 82 215 88 106
343 4 2 1 1 83 216 125 138
344 4 2 1 1 232 108 96 116
345 4 2 1 1 101 126 124 131
346 4 2 1 1 94 230 105 132
347 4 2 1 1 184 115 109 121
348 4 2 1 1 147 175 25 114
349 4 2 1 1 198 74 105 132
350 4 2 1 1 199 73 127 138
351 4 2 1 1 102 128 122 136
352 4 2 1 1 55 128 167 137
353 4 2 1 1 60 164 58 104
354 4 2 1 1 60 58 170 104
355 4 2 1 1 94 105 234 115
356 4 2 1 1 40 227 149 116
357 4 2 1 1 208 82 106 133
358 4 2 1 1 74 200 105 121
359 4 2 1 1 68 107 109 115
360 4 2 1 1 164 58 104 130
361 4 2 1 1 160 214 19 117
362 4 2 1 1 215 106 82 120
363 4 2 1 1 103 127 125 134
364 4 2 1 1 170 104 58 123
365 4 2 1 1 68 109 184 115
366 4 2 1 1 99 109 105 112
367 4 2 1 1 99 110 104 113
368 4 2 1 1 99 108 106 111
369 4 2 1 1 28 178 226 115
370 4 2 1 1 85 117 218 118
371 4 2 1 1 57 169 117 119
372 4 2 1 1 169 54 61 113
373 4 2 1 1 202 76 118 119
374 4 2 1 1 61 54 168 113
375 4 2 1 1 218 81 87 111
376 4 2 1 1 87 81 216 111
377 4 2 1 1 99 108 107 116
378 4 2 1 1 80 72 201 112
379 4 2 1 1 65 115 184 121
380 4 2 1 1 176 148 25 114
381 4 2 1 1 80 202 72 112
382 4 2 1 1 127 134 103 138
383 4 2 1 1 40 150 228 116
384 4 2 1 1 128 136 102 137
385 4 2 1 1 63 184 68 109
386 4 2 1 1 63 68 183 109
387 4 2 1 1 195 165 37 137
388 4 2 1 1 84 126 101 131
389 4 2 1 1 154 45 52 110
390 4 2 1 1 45 153 52 110
391 4 2 1 1 90 231 96 108
392 4 2 1 1 87 211 118 138
393 4 2 1 1 96 232 90 108
394 4 2 1 1 233 95 108 125
395 4 2 1 1 86 120 209 125
396 4 2 1 1 68 177 107 115
397 4 2 1 1 97 107 225 115
398 4 2 1 1 105 112 109 121
399 4 2 1 1 191 78 118 138
400 4 2 1 1 69 109 186 122
401 4 2 1 1 72 200 77 112
402 4 2 1 1 177 107 225 129
403 4 2 1 1 201 72 77 112
404 4 2 1 1 104 113 110 123
405 4 2 1 1 51 110 151 124
406 4 2 1 1 81 86 216 111
407 4 2 1 1 86 81 215 111
408 4 2 1 1 54 62 168 113
409 4 2 1 1 191 211 134 138
410 4 2 1 1 77 121 193 122
411 4 2 1 1 170 62 54 113
412 4 2 1 1 145 161 124 131
413 4 2 1 1 107 114 99 116
414 4 2 1 1 194 122 180 136
415 4 2 1 1 223 120 95 125
416 4 2 1 1 159 19 213 117
417 4 2 1 1 106 111 108 120
418 4 2 1 1 124 126 46 131
419 4 2 1 1 195 136 165 137
420 4 2 1 1 179 121 69 122
421 4 2 1 1 51 146 123 124
422 4 2 1 1 37 166 196 119
423 4 2 1 1 210 125 224 134
424 4 2 1 1 122 128 67 136
425 4 2 1 1 224 210 13 125
426 4 2 1 1 212 16 192 118
427 4 2 1 1 162 62 123 124
428 4 2 1 1 180 194 31 122
429 4 2 1 1 125 127 93 134
430 4 2 1 1 161 22 145 124
431 4 2 1 1 102 136 122 137
432 4 2 1 1 226 115 178 132
433 4 2 1 1 68 28 177 115
434 4 2 1 1 198 43 230 127
435 4 2 1 1 28 97 225 115
436 4 2 1 1 179 121 193 132
437 4 2 1 1 28 68 178 115
438 4 2 1 1 208 10 144 126
439 4 2 1 1 209 223 120 133
440 4 2 1 1 146 123 162 130
441 4 2 1 1 28 226 97 115
442 4 2 1 1 34 182 164 128
443 4 2 1 1 103 134 125 138
444 4 2 1 1 105 115 94 132
445 4 2 1 1 159 117 213 135
446 4 2 1 1 229 127 197 134
447 4 2 1 1 143 126 207 131
448 4 2 1 1 212 118 192 135
449 4 2 1 1 196 119 166 135
450 4 2 1 1 181 128 163 136
451 4 2 1 1 74 121 105 132
452 4 2 1 1 73 134 127 138
453 4 2 1 1 55 136 128 137
454 4 2 1 1 13 86 209 125
455 4 2 1 1 70 25 175 114
456 4 2 1 1 147 25 52 114
457 4 2 1 1 13 210 86 125
458 4 2 1 1 95 224 13 125
459 4 2 1 1 25 70 176 114
460 4 2 1 1 25 148 52 114
461 4 2 1 1 40 149 53 116
462 4 2 1 1 82 120 106 133
463 4 2 1 1 77 193 31 122
464 4 2 1 1 40 53 150 116
465 4 2 1 1 13 223 95 125
466 4 2 1 1 40 228 96 116
467 4 2 1 1 31 179 69 122
468 4 2 1 1 51 22 146 124
469 4 2 1 1 58 123 104 130
470 4 2 1 1 51 145 22 124
471 4 2 1 1 31 69 180 122
472 4 2 1 1 122 136 75 137
473 4 2 1 1 96 227 40 116
474 4 2 1 1 162 22 62 124
475 4 2 1 1 161 62 22 124
476 4 2 1 1 31 194 77 122
477 4 2 1 1 154 114 49 116
478 4 2 1 1 100 119 118 135
479 4 2 1 1 100 118 117 135
480 4 2 1 1 100 117 119 135
481 4 2 1 1 109 115 105 121
482 4 2 1 1 196 80 37 119
483 4 2 1 1 160 19 61 117
484 4 2 1 1 19 214 89 117
485 4 2 1 1 125 134 83 138
486 4 2 1 1 148 114 176 129
487 4 2 1 1 19 89 213 117
488 4 2 1 1 59 166 37 119
489 4 2 1 1 85 117 118 135
490 4 2 1 1 159 61 19 117
491 4 2 1 1 57 119 117 135
492 4 2 1 1 16 78 192 118
493 4 2 1 1 228 116 150 129
494 4 2 1 1 16 87 211 118
495 4 2 1 1 118 119 76 135
496 4 2 1 1 212 87 16 118
497 4 2 1 1 229 197 42 134
498 4 2 1 1 143 207 9 131
499 4 2 1 1 183 107 64 114
500 4 2 1 1 20 214 160 131
501 4 2 1 1 16 191 78 118
502 4 2 1 1 92 107 232 116
503 4 2 1 1 161 145 21 131
504 4 2 1 1 194 180 32 136
505 4 2 1 1 191 211 15 134
506 4 2 1 1 163 33 181 136
507 4 2 1 1 30 179 193 132
508 4 2 1 1 210 224 14 134
509 4 2 1 1 36 165 195 136
510 4 2 1 1 162 23 146 130
511 4 2 1 1 178 29 226 132
512 4 2 1 1 24 175 147 130
513 4 2 1 1 208 144 11 133
514 4 2 1 1 95 120 108 125
515 4 2 1 1 39 149 227 133
516 4 2 1 1 209 12 223 133
517 4 2 1 1 198 230 44 132
518 4 2 1 1 164 182 35 130
519 4 2 1 1 159 213 18 135
520 4 2 1 1 166 38 196 135
521 4 2 1 1 27 177 225 129
522 4 2 1 1 176 26 148 129
523 4 2 1 1 64 68 177 107
524 4 2 1 1 64 183 68 107
525 4 2 1 1 17 212 192 135
526 4 2 1 1 184 109 69 121
527 4 2 1 1 69 121 109 122
528 4 2 1 1 97 92 225 107
529 4 2 1 1 97 232 92 107
530 4 2 1 1 41 228 150 129
531 4 2 1 1 231 108 95 120
532 4 2 1 1 65 115 121 132
533 4 2 1 1 51 123 110 124
534 4 2 1 1 153 110 51 123
535 4 2 1 1 229 43 197 127
536 4 2 1 1 143 10 207 126
537 4 2 1 1 181 34 163 128
538 4 2 1 1 90 233 95 108
539 4 2 1 1 95 231 90 108
540 4 2 1 1 105 121 115 132
541 4 2 1 1 69 63 186 109
542 4 2 1 1 184 63 69 109
543 4 2 1 1 51 153 45 110
544 4 2 1 1 51 45 151 110
545 4 2 1 1 64 107 177 129
546 4 2 1 1 92 225 107 129
547 4 2 1 1 79 197 43 127
548 4 2 1 1 79 43 198 127
549 4 2 1 1 98 230 43 127
550 4 2 1 1 65 178 68 115
551 4 2 1 1 10 50 144 126
552 4 2 1 1 88 10 208 126
553 4 2 1 1 184 65 68 115
554 4 2 1 1 34 60 163 128
555 4 2 1 1 143 50 10 126
556 4 2 1 1 88 207 10 126
557 4 2 1 1 226 94 97 115
558 4 2 1 1 229 98 43 127
559 4 2 1 1 94 234 97 115
560 4 2 1 1 69 67 180 122
561 4 2 1 1 71 182 34 128
562 4 2 1 1 51 46 145 124
563 4 2 1 1 34 164 60 128
564 4 2 1 1 69 186 67 122
565 4 2 1 1 71 34 181 128
566 4 2 1 1 77 194 75 122
567 4 2 1 1 51 151 46 124
568 4 2 1 1 56 62 161 124
569 4 2 1 1 56 168 62 124
570 4 2 1 1 65 69 179 121
571 4 2 1 1 86 210 83 125
572 4 2 1 1 233 93 95 125
573 4 2 1 1 77 75 201 122
574 4 2 1 1 178 115 65 132
575 4 2 1 1 94 115 226 132
576 4 2 1 1 86 83 216 125
577 4 2 1 1 65 184 69 121
578 4 2 1 1 82 209 86 120
579 4 2 1 1 145 124 46 131
580 4 2 1 1 74 193 77 121
581 4 2 1 1 95 93 224 125
582 4 2 1 1 86 215 82 120
583 4 2 1 1 85 213 89 117
584 4 2 1 1 231 95 91 120
585 4 2 1 1 75 122 194 136
586 4 2 1 1 48 51 146 123
587 4 2 1 1 56 124 161 131
588 4 2 1 1 91 95 223 120
589 4 2 1 1 48 153 51 123
590 4 2 1 1 85 89 218 117
591 4 2 1 1 180 122 67 136
592 4 2 1 1 57 61 159 117
593 4 2 1 1 57 59 169 119
594 4 2 1 1 143 46 126 131
595 4 2 1 1 207 126 84 131
596 4 2 1 1 74 77 200 121
597 4 2 1 1 62 58 162 123
598 4 2 1 1 87 212 85 118
599 4 2 1 1 166 59 57 119
600 4 2 1 1 62 170 58 123
601 4 2 1 1 93 127 229 134
602 4 2 1 1 87 85 218 118
603 4 2 1 1 57 169 61 117
604 4 2 1 1 67 128 181 136
605 4 2 1 1 202 76 78 118
606 4 2 1 1 80 196 76 119
607 4 2 1 1 49 116 114 129
608 4 2 1 1 197 127 73 134
609 4 2 1 1 83 211 87 138
610 4 2 1 1 163 128 55 136
611 4 2 1 1 80 76 202 119
612 4 2 1 1 139 9 205 131
613 4 2 1 1 80 201 75 137
614 4 2 1 1 195 80 75 137
615 4 2 1 1 21 139 157 131
616 4 2 1 1 192 78 76 118
617 4 2 1 1 57 117 159 135
618 4 2 1 1 205 20 157 131
619 4 2 1 1 83 87 216 138
620 4 2 1 1 210 83 125 134
621 4 2 1 1 85 213 117 135
622 4 2 1 1 59 55 167 137
623 4 2 1 1 85 118 212 135
624 4 2 1 1 165 55 59 137
625 4 2 1 1 14 219 204 134
626 4 2 1 1 78 73 199 138
627 4 2 1 1 188 219 42 134
628 4 2 1 1 166 119 57 135
629 4 2 1 1 192 118 76 135
630 4 2 1 1 224 125 93 134
631 4 2 1 1 76 119 196 135
632 4 2 1 1 32 171 189 136
633 4 2 1 1 188 15 204 134
634 4 2 1 1 78 191 73 138
635 4 2 1 1 141 23 158 130
636 4 2 1 1 141 173 24 130
637 4 2 1 1 220 29 172 132
638 4 2 1 1 36 189 156 136
639 4 2 1 1 30 190 172 132
640 4 2 1 1 156 171 33 136
641 4 2 1 1 190 44 220 132
642 4 2 1 1 82 209 120 133
643 4 2 1 1 140 206 11 133
644 4 2 1 1 91 120 223 133
645 4 2 1 1 35 173 158 130
646 4 2 1 1 74 193 121 132
647 4 2 1 1 46 50 143 126
648 4 2 1 1 140 39 221 133
649 4 2 1 1 206 221 12 133
650 4 2 1 1 84 207 88 126
651 4 2 1 1 65 121 179 132
652 4 2 1 1 83 134 211 138
653 4 2 1 1 151 50 46 126
654 4 2 1 1 217 84 88 126
655 4 2 1 1 55 165 136 137
656 4 2 1 1 67 71 181 128
657 4 2 1 1 26 174 142 129
658 4 2 1 1 93 98 229 127
659 4 2 1 1 18 203 155 135
660 4 2 1 1 222 174 27 129
661 4 2 1 1 38 155 187 135
662 4 2 1 1 48 123 146 130
663 4 2 1 1 58 162 123 130
664 4 2 1 1 73 191 134 138
665 4 2 1 1 67 186 71 128
666 4 2 1 1 41 142 222 129
667 4 2 1 1 55 60 167 128
668 4 2 1 1 195 75 136 137
669 4 2 1 1 64 176 70 114
670 4 2 1 1 79 199 73 127
671 4 2 1 1 79 73 197 127
672 4 2 1 1 49 52 148 114
673 4 2 1 1 17 187 203 135
674 4 2 1 1 93 233 98 127
675 4 2 1 1 49 150 53 116
676 4 2 1 1 70 183 64 114
677 4 2 1 1 92 232 96 116
678 4 2 1 1 154 52 49 114
679 4 2 1 1 163 60 55 128
680 4 2 1 1 53 154 49 116
681 4 2 1 1 228 92 96 116
682 4 2 1 1 143 9 46 131
683 4 2 1 1 84 9 207 131
684 4 2 1 1 145 46 21 131
685 4 2 1 1 46 9 139 131
686 4 2 1 1 84 214 20 131
687 4 2 1 1 15 188 73 134
688 4 2 1 1 9 84 205 131
689 4 2 1 1 229 42 93 134
690 4 2 1 1 56 20 160 131
691 4 2 1 1 73 42 197 134
692 4 2 1 1 21 46 139 131
693 4 2 1 1 93 219 14 134
694 4 2 1 1 84 20 205 131
695 4 2 1 1 33 55 156 136
696 4 2 1 1 73 188 42 134
697 4 2 1 1 21 56 161 131
698 4 2 1 1 21 157 56 131
699 4 2 1 1 210 14 83 134
700 4 2 1 1 14 204 83 134
701 4 2 1 1 55 165 36 136
702 4 2 1 1 55 36 156 136
703 4 2 1 1 211 83 15 134
704 4 2 1 1 15 73 191 134
705 4 2 1 1 194 32 75 136
706 4 2 1 1 14 224 93 134
707 4 2 1 1 32 180 67 136
708 4 2 1 1 33 163 55 136
709 4 2 1 1 67 171 32 136
710 4 2 1 1 75 189 36 136
711 4 2 1 1 15 83 204 134
712 4 2 1 1 157 20 56 131
713 4 2 1 1 67 181 33 136
714 4 2 1 1 93 42 219 134
715 4 2 1 1 176 114 64 129
716 4 2 1 1 49 114 148 129
717 4 2 1 1 64 114 107 129
718 4 2 1 1 49 150 116 129
719 4 2 1 1 75 36 195 136
720 4 2 1 1 30 193 74 132
721 4 2 1 1 58 35 158 130
722 4 2 1 1 65 179 30 132
723 4 2 1 1 162 58 23 130
724 4 2 1 1 67 33 171 136
725 4 2 1 1 178 65 29 132
726 4 2 1 1 48 146 23 130
727 4 2 1 1 107 116 92 129
728 4 2 1 1 29 65 172 132
729 4 2 1 1 48 23 141 130
730 4 2 1 1 228 92 116 129
731 4 2 1 1 65 30 172 132
732 4 2 1 1 48 24 147 130
733 4 2 1 1 12 221 91 133
734 4 2 1 1 91 221 39 133
735 4 2 1 1 44 190 74 132
736 4 2 1 1 29 94 226 132
737 4 2 1 1 66 175 24 130
738 4 2 1 1 94 44 230 132
739 4 2 1 1 58 158 23 130
740 4 2 1 1 24 173 66 130
741 4 2 1 1 39 227 91 133
742 4 2 1 1 91 223 12 133
743 4 2 1 1 24 48 141 130
744 4 2 1 1 32 189 75 136
745 4 2 1 1 208 11 82 133
746 4 2 1 1 11 144 47 133
747 4 2 1 1 220 94 29 132
748 4 2 1 1 182 66 35 130
749 4 2 1 1 44 74 198 132
750 4 2 1 1 58 164 35 130
751 4 2 1 1 47 149 39 133
752 4 2 1 1 140 11 47 133
753 4 2 1 1 220 44 94 132
754 4 2 1 1 209 82 12 133
755 4 2 1 1 206 82 11 133
756 4 2 1 1 66 173 35 130
757 4 2 1 1 206 12 82 133
758 4 2 1 1 140 47 39 133
759 4 2 1 1 30 74 190 132
760 4 2 1 1 76 187 17 135
761 4 2 1 1 38 57 155 135
762 4 2 1 1 76 196 38 135
763 4 2 1 1 159 18 57 135
764 4 2 1 1 18 213 85 135
765 4 2 1 1 187 76 38 135
766 4 2 1 1 38 166 57 135
767 4 2 1 1 176 64 26 129
768 4 2 1 1 27 225 92 129
769 4 2 1 1 64 177 27 129
770 4 2 1 1 41 222 92 129
771 4 2 1 1 85 203 18 135
772 4 2 1 1 49 148 26 129
773 4 2 1 1 27 174 64 129
774 4 2 1 1 76 17 192 135
775 4 2 1 1 85 212 17 135
776 4 2 1 1 174 26 64 129
777 4 2 1 1 41 150 49 129
778 4 2 1 1 26 142 49 129
779 4 2 1 1 17 203 85 135
780 4 2 1 1 41 49 142 129
781 4 2 1 1 92 228 41 129
782 4 2 1 1 18 155 57 135
783 4 2 1 1 222 27 92 129
784 4 2 1 1 114 116 107 129
785 4 2 1 1 157 139 205 131
786 4 2 1 1 188 204 219 134
787 4 2 1 1 189 171 156 136
788 4 2 1 1 141 158 173 130
789 4 2 1 1 190 220 172 132
790 4 2 1 1 221 206 140 133
791 4 2 1 1 174 222 142 129
792 4 2 1 1 203 187 155 135
793 4 2 1 1 31 30 179 193
794 4 2 1 1 18 159 19 213
795 4 2 1 1 180 31 194 32
796 4 2 1 1 20 19 160 214
797 4 2 1 1 29 220 172 4
798 4 2 1 1 9 139 205 5
799 4 2 1 1 8 26 174 142
800 4 2 1 1 206 140 11 6
801 4 2 1 1 141 24 173 7
802 4 2 1 1 24 147 175 25
803 4 2 1 1 28 27 177 225
804 4 2 1 1 25 176 26 148
805 4 2 1 1 10 208 144 11
806 4 2 1 1 139 21 157 5
807 4 2 1 1 157 205 5 20
808 4 2 1 1 28 178 29 226
809 4 2 1 1 9 143 10 207
810 4 2 1 1 189 32 3 171
811 4 2 1 1 220 190 4 44
812 4 2 1 1 190 30 172 4
813 4 2 1 1 203 1 18 155
814 4 2 1 1 8 222 174 27
815 4 2 1 1 161 145 22 21
816 4 2 1 1 23 162 146 22
817 4 2 1 1 158 141 7 23
818 4 2 1 1 14 2 204 219
819 4 2 1 1 222 41 8 142
820 4 2 1 1 230 198 44 43
821 4 2 1 1 43 229 197 42
822 4 2 1 1 187 1 155 38
823 4 2 1 1 35 158 173 7
824 4 2 1 1 40 41 228 150
825 4 2 1 1 166 196 38 37
826 4 2 1 1 188 2 42 219
827 4 2 1 1 224 13 210 14
828 4 2 1 1 189 156 3 36
829 4 2 1 1 221 140 6 39
830 4 2 1 1 221 206 12 6
831 4 2 1 1 17 187 1 203
832 4 2 1 1 165 195 37 36
833 4 2 1 1 33 156 3 171
834 4 2 1 1 227 39 40 149
835 4 2 1 1 2 188 15 204
836 4 2 1 1 13 223 209 12
837 4 2 1 1 34 164 182 35
838 4 2 1 1 181 33 163 34
839 4 2 1 1 17 192 212 16
840 4 2 1 1 211 16 191 15
841 4 2 1 1 158 141 173 7
842 4 2 1 1 222 8 174 142
843 4 2 1 1 206 221 140 6
844 4 2 1 1 139 157 205 5
845 4 2 1 1 2 188 204 219
846 4 2 1 1 187 1 203 155
847 4 2 1 1 220 190 172 4
848 4 2 1 1 156 189 3 171
849 4 2 1 1 214 160 101 117
850 4 2 1 1 214 101 160 131
851 4 2 1 1 115 232 108 90
852 4 2 1 1 115 108 232 107
853 4 2 1 1 130 185 114 104
854 4 2 1 1 133 152 116 106
855 4 2 1 1 117 217 214 89
856 4 2 1 1 117 214 217 101
857 4 2 1 1 84 214 217 89
858 4 2 1 1 84 217 214 101
859 4 2 1 1 168 117 160 61
860 4 2 1 1 160 117 168 101
861 4 2 1 1 160 56 168 61
862 4 2 1 1 168 56 160 101
863 4 2 1 1 133 152 144 47
864 4 2 1 1 133 144 152 106
865 4 2 1 1 50 144 152 47
866 4 2 1 1 50 152 144 106
867 4 2 1 1 47 149 152 53
868 4 2 1 1 47 152 149 133
869 4 2 1 1 116 152 149 53
870 4 2 1 1 116 149 152 133
871 4 2 1 1 66 175 185 70
872 4 2 1 1 66 185 175 130
873 4 2 1 1 114 185 175 70
874 4 2 1 1 114 175 185 130
875 4 2 1 1 130 185 182 66
876 4 2 1 1 130 182 185 104
877 4 2 1 1 71 182 185 66
878 4 2 1 1 71 185 182 104
879 4 2 1 1 115 99 108 107
880 4 2 1 1 115 108 99 105
881 4 2 1 1 209 125 223 13
882 4 2 1 1 223 125 209 120
883 4 2 1 1 37 137 80 195
884 4 2 1 1 80 137 37 119
885 4 2 1 1 191 211 118 16
886 4 2 1 1 191 118 211 138
887 4 2 1 1 137 37 59 165
888 4 2 1 1 137 59 37 119
889 7 2 1 1 5 21 46 9 139
890 7 2 1 1 47 39 6 11 140
891 7 2 1 1 7 24 48 23 141
892 7 2 1 1 8 41 49 26 142
893 7 2 1 1 10 9 46 50 143
894 7 2 1 1 10 50 47 11 144
895 7 2 1 1 22 51 46 21 145
896 7 2 1 1 22 23 48 51 146
897 7 2 1 1 25 52 48 24 147
898 7 2 1 1 25 26 49 52 148
899 7 2 1 1 40 39 47 53 149
900 7 2 1 1 40 53 49 41 150
901 7 2 1 1 51 45 50 46 151
902 7 2 1 1 53 47 50 45 152
903 7 2 1 1 52 45 51 48 153
904 7 2 1 1 53 45 52 49 154
905 7 2 1 1 57 18 1 38 155
906 7 2 1 1 3 33 55 36 156
907 7 2 1 1 56 21 5 20 157
908 7 2 1 1 58 35 7 23 158
909 7 2 1 1 19 18 57 61 159
910 7 2 1 1 19 61 56 20 160
911 7 2 1 1 22 21 56 62 161
912 7 2 1 1 22 62 58 23 162
913 7 2 1 1 34 60 55 33 163
914 7 2 1 1 34 35 58 60 164
915 7 2 1 1 37 36 55 59 165
916 7 2 1 1 37 59 57 38 166
917 7 2 1 1 60 54 59 55 167
918 7 2 1 1 62 56 61 54 168
919 7 2 1 1 61 57 59 54 169
920 7 2 1 1 62 54 60 58 170
921 7 2 1 1 67 33 3 32 171
922 7 2 1 1 4 29 65 30 172
923 7 2 1 1 66 24 7 35 173
924 7 2 1 1 8 26 64 27 174
925 7 2 1 1 25 24 66 70 175
926 7 2 1 1 25 70 64 26 176
927 7 2 1 1 28 27 64 68 177
928 7 2 1 1 28 68 65 29 178
929 7 2 1 1 31 30 65 69 179
930 7 2 1 1 31 69 67 32 180
931 7 2 1 1 34 33 67 71 181
932 7 2 1 1 34 71 66 35 182
933 7 2 1 1 70 63 68 64 183
934 7 2 1 1 69 65 68 63 184
935 7 2 1 1 71 63 70 66 185
936 7 2 1 1 71 67 69 63 186
937 7 2 1 1 1 17 76 38 187
938 7 2 1 1 73 15 2 42 188
939 7 2 1 1 3 36 75 32 189
940 7 2 1 1 4 30 74 44 190
941 7 2 1 1 73 78 16 15 191
942 7 2 1 1 76 17 16 78 192
943 7 2 1 1 74 30 31 77 193
944 7 2 1 1 75 77 31 32 194
945 7 2 1 1 75 36 37 80 195
946 7 2 1 1 76 80 37 38 196
947 7 2 1 1 73 42 43 79 197
948 7 2 1 1 74 79 43 44 198
949 7 2 1 1 79 72 78 73 199
950 7 2 1 1 77 72 79 74 200
951 7 2 1 1 77 75 80 72 201
952 7 2 1 1 78 72 80 76 202
953 7 2 1 1 1 18 85 17 203
954 7 2 1 1 83 14 2 15 204
955 7 2 1 1 5 9 84 20 205
956 7 2 1 1 82 11 6 12 206
957 7 2 1 1 84 9 10 88 207
958 7 2 1 1 82 88 10 11 208
959 7 2 1 1 82 12 13 86 209
960 7 2 1 1 83 86 13 14 210
961 7 2 1 1 83 15 16 87 211
962 7 2 1 1 85 87 16 17 212
963 7 2 1 1 85 18 19 89 213
964 7 2 1 1 84 89 19 20 214
965 7 2 1 1 86 81 88 82 215
966 7 2 1 1 86 83 87 81 216
967 7 2 1 1 88 81 89 84 217
968 7 2 1 1 87 85 89 81 218
969 7 2 1 1 93 42 2 14 219
970 7 2 1 1 4 44 94 29 220
971 7 2 1 1 6 39 91 12 221
972 7 2 1 1 92 41 8 27 222
973 7 2 1 1 13 12 91 95 223
974 7 2 1 1 13 95 93 14 224
975 7 2 1 1 28 97 92 27 225
976 7 2 1 1 28 29 94 97 226
977 7 2 1 1 40 96 91 39 227
978 7 2 1 1 40 41 92 96 228
979 7 2 1 1 43 42 93 98 229
980 7 2 1 1 43 98 94 44 230
981 7 2 1 1 96 90 95 91 231
982 7 2 1 1 97 90 96 92 232
983 7 2 1 1 98 93 95 90 233
984 7 2 1 1 98 90 97 94 234
$EndElements
